mu sigma
1.148399057091346 6.079737776968753
4.164996634055825 5.851777068011252
0.8754411933088407 4.932477189811437
1.1160222396400177 5.409700069969533
3.965363152188384 5.735217005222271
2.55271359314789 5.975391251644235
3.801079625180917 5.678246626247811
1.9415318172843694 5.777284481498462
3.8413071361807978 5.584849133211525
1.397466697290829 4.407986393243169
2.82377121880661 5.902370942055164
4.183608824451418 4.786947061038766
1.372586566231802 5.24744211980575
4.125132793385799 4.637502088882627
3.5168634115233237 5.689563992770019
2.5268671758283308 5.829073975752657
1.5299427320056358 4.346388258008487
4.06199407245583 4.591870928062596
3.8043921581161237 4.235852436569845
4.094326310248518 4.719014150313275
4.065934717965765 5.098427353375642
1.4872433515045729 5.297214591500686
4.093446015131391 4.762194304742434
1.4810729937055673 5.281609537722463
1.8100996872244761 4.120172773740432
1.606227326650405 5.4127352319431985
3.826240032455375 4.285308035812565
3.4615014417649173 5.616558280429853
1.4389880248935722 4.601289939158725
4.030002557982836 5.016773989581909
1.8197397333503218 5.509070962497544
3.6733371280016485 5.475283461679977
1.4362288902566682 5.036337352901201
2.5562965772954698 3.8978515921062096
1.520396924360321 4.4875124318993285
2.8071311204939913 5.72885819342437
3.0090283687901453 3.922428451471345
3.091272135572678 5.675144841900749
1.4600934678040256 4.853120207217034
2.4769196690222692 3.9298568429095946
2.120684703907414 5.593893523256549
3.9265183901693246 4.619135060255777
2.5849007008927147 5.672223617291654
1.637152115403443 4.405014647025033
3.174685951054638 5.615171153072845
2.749786202650446 3.926171334157428
1.8426414876630937 5.418468823230364
2.63865700354156 5.659537705322188
3.6726252051085106 5.349168704830191
2.7763459994542012 5.656344546417037
3.823130670650104 5.175631979617394
2.9494840414538115 5.640196380541159
2.3976014371148358 5.621568344900027
3.548106276332979 4.181933504609091
1.7448603660108812 5.312083319660806
3.2980577777111426 5.54897491606018
3.8982891661649326 4.692071806952308
3.318024498067233 4.073771882298143
3.5192181263446205 5.404506265758818
2.979023608830547 5.597116857220447
2.282626038719091 5.554502407745778
3.6934695342716855 4.351399573917157
1.6013833406164224 4.999441695885078
2.418368088858334 5.570593650054652
2.0734834348854747 5.455857146721134
1.9349187263241285 5.376775156442662
1.6781078139995471 5.1165466237901445
2.5779973771268945 5.575890271423569
1.6490492344375907 5.052189524358289
2.8477276421730506 5.574256825598893
2.9436863740224934 3.994724513268464
1.6215252553846788 4.968999941208266
3.552818260156786 4.25374205295763
1.617726273280495 4.659338925089181
1.6630055031450346 5.047650008005168
1.715533201537357 5.128484524107563
3.654415006910898 4.363295230574331
1.660369921152169 5.022420650315032
3.8073127555563726 4.949943365616317
1.7549061620367568 5.171391417738907
3.57599883564987 5.283954074622214
3.6287044292606034 4.339911478838985
3.574594159686973 5.283270794064955
2.697550758312471 3.990904843984582
3.096657178900185 4.040232049676805
2.39665855434948 4.028799634369827
3.820793840178786 4.827009003114671
3.6676771772530232 5.184745978164837
2.2306999310166247 5.470005973196148
3.3423068646648844 5.4169542966121
2.8204208625298226 5.542311572958134
3.813117591657995 4.763785729676919
3.8090067397295324 4.859589555443086
1.6514494240247397 4.941727477199867
2.396139508213611 4.0341316407370575
1.6726921150012992 4.578479293417933
2.4933684220129915 4.016156804232798
2.32523533540275 4.054112941540458
3.2239102525441687 4.090905249758622
2.1055281963449413 4.143913792635344
3.2375637654279226 4.100710242124949
2.889085751189854 5.5224508495700855
3.7969309109943112 4.762570486773525
3.397715681376269 5.3654873915183465
3.0355344351089286 5.495872802935481
3.651678085176246 4.404796640166549
3.7138801316932266 5.06785378964849
3.791966461110925 4.7854234801211835
3.140543195365135 4.073208628162368
3.495013916961865 4.2562666960718545
2.8705068788915633 4.018253253244613
2.2248136547831554 5.433916462466419
2.175711786105778 4.1255625599605406
3.075325608846284 4.05870982132384
2.4247669894368444 5.487124594110048
2.2009487252048516 5.423072217820733
3.7807565571401813 4.785365388543018
1.6925178756426313 4.607115324811599
1.8912950051927875 5.237738332644495
1.673021277318406 4.860962405193765
2.954081489318798 5.493405969076744
2.8041235698409728 5.508368168158386
3.3394100333334222 4.1659838352507546
3.637136428274758 5.146000082111072
2.6425842447599686 5.507620023882737
1.691228823276611 4.927128391418058
2.8101049151433584 5.501975548081253
2.4580283685390465 4.045526335112636
2.0303252019218854 5.321469883415392
3.4584891794764205 4.249697355293529
3.489141191464236 5.26727245084821
3.6133525375382636 4.401080672398328
3.381223838514395 4.203708030585394
2.2449788077306105 4.114114725496583
1.9226565128345068 5.232586814816418
1.9498015796750305 5.253848490366181
2.5616849180406858 5.48060128558756
3.3543933440533307 5.338038124650817
2.164928577860488 5.373901514023425
1.7008038483304777 4.720693808733473
2.9254670345111156 5.4698422176325945
3.5741991989638273 4.3701615597522006
1.698908124303406 4.7699173858740345
1.784591404637862 5.060924148575036
1.7125226976495544 4.692728283141915
1.786400769728551 4.496380131869899
3.413263711991146 4.24136014380322
1.9686484677436744 5.2441079678566425
3.4500957072437672 5.261256914330591
3.4472721141721197 5.262608208018898
2.8120219126164727 5.468784374678613
3.2413850280727003 4.1474340901910045
1.8734657659089748 5.151548059143116
2.1426999515820926 5.341932155602244
3.7232132461890517 4.724548217144626
2.93032992660686 5.451023775020415
3.4241372672049373 5.269563090620858
3.0637597744366305 5.4221153317591755
3.4770398894439496 5.223336240888808
3.715197853505987 4.809722418510209
2.1204096440003966 4.199191957315621
3.2485393774582505 5.353533472244285
2.178195095325679 5.3460915623397955
2.991053941593857 4.077294486260633
2.2486240925816507 5.373604289947868
2.0608813302300066 5.277622355125063
3.706303927171682 4.790529929339096
2.4257909295871256 5.417366454776637
3.491606203738921 5.192045359475403
3.3458901691145204 4.222379192461199
3.2056004510211933 4.150925125741459
1.8192815953250763 5.0332715317170535
3.507421844899265 5.173488062104933
2.1020908067158834 4.22127807566366
2.1561010704931736 5.320471071417508
3.4763281921977818 5.199539620809192
2.2368690773998234 5.354963692253406
3.067910839202661 5.398196682294218
3.6454914035056896 4.54468231091548
1.8637647828733894 5.088364911372645
2.967519760011059 5.414769884357665
2.6027594367061537 4.06721611726544
3.45222093741445 4.3082695508003255
2.035315638601114 4.2748624949894145
2.114130338570399 5.286872005328754
2.1091906250110544 4.225644387350606
2.264601546105938 5.354046716062383
1.8502106121079236 4.469795758943295
1.8207275924628563 5.002771073351814
3.318545499116761 5.286897912240928
2.5129604802830494 5.410206564930638
3.273007157393547 5.3055229965945285
2.1100575652923546 5.271702985539678
1.8044612219466794 4.575679347019048
3.618981504260779 4.989023342483821
3.451983258078845 4.321435478725814
3.4073837220092167 5.221597200147282
3.4716599073177696 4.3418960206794495
3.470294215395821 5.168753605851261
3.4621719191985005 5.175597641365059
3.0535493680797936 5.3771376462814615
2.9249674411854683 5.4026640467885585
3.287591256388485 5.28968869907105
1.821174012104509 4.968471983377109
1.9443315245140598 5.137736441060304
1.8052226107697105 4.605459808865685
3.100063503712514 5.35644458481344
2.0556661204341853 5.2195370293902155
3.4230871621446326 4.311429328213549
2.2096561071444407 4.192021683706841
2.3278586146529587 5.34739293636246
2.5407796165930825 4.093413460333164
3.5948802478644732 4.520839641335522
2.198348401101868 5.2935166493253805
3.137455507178349 5.336394096480089
2.54156021757284 5.390682146534955
3.5903052061625367 4.992371798044733
3.634479363171276 4.885185945225201
3.618810809486394 4.581702749001732
2.631731248315356 5.393053159701716
3.0123741813092533 5.360739304149515
3.517845975679405 5.078361241051134
2.202146887834879 5.281694493626276
3.6171049442039553 4.899482377077922
1.8756395226675098 5.000169283392597
2.2211001622187614 5.284351006609888
2.148116624776015 5.247317826256646
2.6750034109777134 5.383590954939051
3.0605171380464187 4.14220497494319
1.812248748209773 4.78451404971827
3.616680544386945 4.871710385291391
3.2569751350954186 4.222857879385523
2.496438112236901 4.1152220650605855
3.6261677970389834 4.80370644471066
3.5643497583956716 4.988082158938077
1.9400425200956362 4.426259960071538
2.4198129825873287 4.135625181373953
1.8319980725045242 4.6385500242467925
3.488568830058573 4.409727284872194
3.6154563627642817 4.841575068515304
1.8547117830224802 4.924697360894163
2.658085651045465 5.373874545935225
3.5099052842720058 5.055582449728182
1.8432955590201465 4.886395997993712
1.8717135572923422 4.95323820259849
2.9557564490056936 5.348187849235998
2.257411375851755 5.280390932190155
1.977831222413124 5.0954400016962955
1.9519931028699515 4.42878295224991
1.9061314655047017 4.494571826614983
3.597219248292677 4.634739029613987
2.4964107567356235 4.126492015936
1.8852761928249233 4.96317281596286
1.9017582145293548 4.503837481420236
2.4139842237634452 4.146864165439034
1.9283858773288758 4.464138280193191
2.497229273961726 4.1277494865158975
3.0495973302317636 4.153494899728656
3.4997632203692524 4.444879163007917
3.374265541346615 4.317784685651582
1.8439681465706421 4.834194847554772
1.882783392926941 4.54932346244102
3.58181707203933 4.629379289744994
2.871283756304988 4.12348034480694
1.9255608736456291 4.492767223668244
2.3235500915343854 5.284836003143159
1.8931971461935508 4.934932242063922
3.455855533692873 4.414570095270185
2.3269876427296694 4.188032479080194
3.345526028158817 5.16540510728365
2.4884120262952365 4.142002665426283
3.336121918046337 4.307123529285403
1.9585010969160166 4.454597847168639
2.6657469147735533 5.343153373970497
3.2429069514440374 5.2248082491691346
1.934863005111513 4.995130218350203
3.376206740839839 4.3408858812222295
2.2783463168432174 4.210886724020496
2.527892531291584 5.326934608268832
2.3630570317240567 4.179208726067972
2.501095636159021 5.320991353830085
1.8987598545552458 4.918300659611187
1.8628108093097446 4.722460888714101
3.419070439050134 4.385291467005651
1.9505084180988446 5.0074618490424205
2.1811032338917946 4.264833159409108
2.5831873396053426 5.3303654169164805
1.900830265136233 4.915674612968698
1.916048473457388 4.536782154890565
1.8727062307499631 4.679452357628463
1.8863807771634984 4.8659315756521195
2.2246439103937723 4.243431192911663
2.103266715259905 5.151356442253632
3.561228694898044 4.640601508001798
3.544897485249363 4.891762284327092
2.3344430126925966 5.267942407413592
2.6927294288549626 4.128241345054827
2.0264554905672627 5.081312135961142
2.3790886522245582 5.279125988536659
1.9229526348652688 4.9321655086417575
3.3409770347582124 4.329825461559018
2.721420228997864 5.325053940009884
1.8825173994034943 4.691798973356175
3.485468970295455 4.9860749197653185
1.9429925014850669 4.961538478706171
3.054366766397611 5.275311161950636
3.5598058720138335 4.729593755966243
3.5582066905134275 4.721415481117747
2.772838183485784 4.136531208967477
1.8905396664055119 4.685522507097399
2.349478588532486 5.258306306605743
3.5536190114668686 4.708800419684854
3.537308825267645 4.619048590822821
3.4868043945824008 4.967712938526093
1.9547690938417606 4.510560235076726
3.530627254296677 4.872814392988275
3.259675510300693 4.283687865265886
3.2955269212154463 5.157682675690502
3.0933506384872933 4.2032775975936705
3.4068233905214913 4.403503382457833
3.2950559155607833 5.153316219017712
2.0410151824021887 4.406058552956167
2.738953117093799 5.308337278018068
3.3134106829396344 4.3279415203493
1.9378727990711697 4.909598603106109
2.0240165945179998 4.427797669710638
2.039655179948108 5.055553670536565
2.4139326567566135 4.189371715157371
3.2948683571904036 5.144693056691737
1.9237726930821601 4.859087936752956
1.9637825635153532 4.519817443717564
3.4705585451403076 4.964766185145595
1.9248421320344637 4.859943768296362
2.769084503180334 5.301215783056526
2.9896677936912437 4.180566310239357
2.4782854217982324 5.275682079055793
2.5518769583778234 5.288810627102809
2.5175825837852295 4.166934109209062
3.516612328590403 4.620994422773941
2.6102397011906526 4.155964439458657
2.0168856485863085 5.012077439920716
2.4989647299743556 5.272897045892144
2.933668364973347 4.173737470801147
3.323128778670457 5.10792209028417
1.9207959225448101 4.681753169477599
3.312444675156583 5.115246804838005
3.524426906869178 4.723597116900736
3.506604304196872 4.849470723180619
3.4929549828737927 4.578988900271575
2.0849038409921055 5.071676301557765
3.3682673661999645 5.062321375238125
2.329371401046556 5.217958618672748
2.772535953370396 4.158296639713019
2.743409250783732 5.286264987551904
3.512009979553892 4.663813294398213
3.473162460518351 4.546101032707988
3.0575098464514543 5.2334756397343885
3.351017265615383 4.386343038324972
2.194997954900634 4.306874294714498
2.682159285162809 4.160673147547623
3.047642500891457 5.233911298749099
2.1795630211597787 4.318267291358734
1.9309596139830192 4.722721653119848
2.4141454213821922 5.2380697554496605
1.9411434415665463 4.646395096090265
3.492680276970379 4.853177268738894
3.3698211354231455 4.409228162600788
2.553489016980817 5.266679055566405
1.93425002748708 4.726319282449671
3.4490220352554135 4.942188032113416
2.4146267288327348 5.234861850018691
3.5078641614385155 4.74533313144425
2.5516756497266724 4.177291326941228
3.200427402870994 4.284633927306399
2.5746561013081024 4.175165624048814
2.110131943695341 4.379945416149455
2.5367828758569426 4.18166707611053
3.4938301833063594 4.813156576853589
2.3435915805920224 4.238948934778662
3.024464257490731 4.21283618725377
2.511186359718585 5.249771491903596
2.2685962794533236 5.169504881383798
2.5486951332184598 5.254982922985269
3.096771191618908 5.2016630998760816
3.4606228702735864 4.563789715554497
1.9483143880493536 4.749364665236064
2.1228952757399124 5.071328408066842
1.9556497769283627 4.668425260357786
1.992391060591971 4.902778628711212
2.9638661515886584 5.236320601609885
2.992959811513706 5.229042384538067
2.253034872047433 5.153476759796526
2.8147864163600573 5.258734854203255
2.342707733983023 5.1927130902862935
2.0282495865455976 4.495472441701715
1.957591015930506 4.758712758615947
1.9950866674847578 4.559561449118395
2.3623586920494506 4.242989808354926
3.371987030584135 4.44249146183303
3.481454664325179 4.679609484801058
3.4764468830135273 4.804369060283301
1.9607004447540122 4.737634566176223
3.4736298281854183 4.804565701915403
2.7548404422973722 5.254313095942624
3.2952911000723417 5.074219622135533
2.9574512980824936 4.20749927967816
2.2260590465981793 4.315507284461095
2.8956170059519426 5.238821196242506
2.1478972866038104 4.3735153068269135
3.4656764770570367 4.817228328811952
3.3104446174471542 5.055840500610714
1.970152126668831 4.713127847599612
2.8085667173315794 5.244076858787132
2.0619728163982987 4.976700785325146
3.452690476404407 4.604075611753409
2.901246052126547 4.200302077470315
3.4716818838033063 4.716715178063912
3.354753392416412 5.007006725835209
2.7444662710419476 5.245729208842837
2.3312179173957315 4.265660803298029
2.67458020690618 5.244425651822301
2.3946151154896955 5.1936948303634605
2.4432641372245136 5.20788672351264
2.1292372051765884 5.042609959155406
2.032267124940245 4.924757481926782
3.2279768279548007 5.107036598236746
3.2648712459846596 5.081635297953779
2.531766354150628 4.205656931497719
2.6308032598611737 5.237055037124235
2.4086294928095042 5.193464081227031
3.4237161240620164 4.550767347668167
2.012455451324558 4.5671411696990605
2.7406984730415562 4.188748710958077
2.233431606293917 4.323151844778989
3.462223948591702 4.694048255316485
3.3294704299147138 5.021371444630471
3.301813507954728 5.046756557625684
3.234865550111729 5.097322263639094
2.573479758535568 4.201699733527714
3.30984174164884 5.037180753033329
2.2819359936910013 5.137111351651871
2.017257225665161 4.569547693704398
2.6198720044393347 4.197160307000428
3.3938637801923974 4.5101815457491226
2.474192188792132 5.204951423328337
3.3694058263509015 4.964958832374994
2.7467240492299556 4.194324708036362
2.067318649266642 4.487052054341311
3.42871041440499 4.859860901695598
2.809349434769532 4.198207443021824
3.209840691273867 5.102969362174477
2.4638091555678527 5.198542467327866
2.3597151459792465 5.163488137951736
3.45096032646699 4.726384496103969
2.6104419356477133 4.203405068159721
2.706191197312213 5.227053165159054
3.048218815770378 5.1741075556874705
2.0956440036670765 4.9788998665873185
2.062021271221128 4.507036601957695
2.7789165547355497 5.2233786751093545
2.0130812424469307 4.826379322974459
2.628054132085946 4.204191725659456
2.46517040175249 5.191941053286982
3.0669686334296253 5.163870572373855
3.23144646848726 4.35411558102172
2.066973319708728 4.935063902232013
3.0792910694938174 5.157466858454604
3.052331188713328 4.260467467026268
2.2273682660115623 5.086744125938352
2.864683842599474 5.211883858075375
2.9995413500307953 4.242751205479859
3.2619098134765254 5.053260675966057
3.2501669153586272 5.062021575404153
2.28130201088669 4.313495943698581
2.6327750736262616 5.214628214759233
2.8760630987408975 4.2170582607086295
2.520274984196185 5.197296236166332
2.8421244666605134 5.209683877493339
2.887805152790619 5.203034938292546
2.3641730319122587 4.276068738978588
3.290071014380988 5.020881760054918
2.7801609547227004 5.213349444608804
2.090392475008981 4.949759380739871
2.012858081653479 4.694322667302369
2.167177203748958 4.402751858906049
3.0675632096369454 5.149888222027529
2.7739872821258142 5.21008681594335
3.2708537185436377 4.399645654866626
3.2554423688363037 5.043148603599517
2.291228965812283 4.316656227173052
2.7620675316933645 4.2107707752764565
3.3790735809912373 4.538590557232748
3.0946116687082625 4.290434057839068
2.50973689428827 4.236194846447051
2.1058349071830493 4.952941349946639
3.354209148249298 4.929338035384319
2.6977540186318 4.213849318309343
2.061973719024084 4.553186031209937
2.0809421481537296 4.913276846652296
2.2299117716961363 5.0632074295898954
2.7624756485447053 4.2166754765488
2.2256720963017287 5.05844153214563
3.374033229493709 4.885842019252481
2.4089991130792683 5.1494488112786865
3.3293413995319208 4.95308382694893
2.9823202265798625 5.1649402434312215
3.061647472353097 5.138206571550413
2.31713345031162 4.312785784987775
2.4234669531932576 4.2678707311006585
2.9083813157578264 5.179981678727824
3.3294682450986657 4.481733293438413
2.1458184193631125 4.984073746565926
3.4118333018371456 4.73812877785118
3.2821563428811213 4.428639922992383
2.8038471195261434 5.1924525228047225
2.0912809770982896 4.911271974453884
3.029472400933286 5.144997566668659
2.034777373767014 4.689368525634955
3.3853558930157766 4.588494229547434
2.2167151661554603 4.382362798435032
2.8450922440911293 4.230190695300069
2.7571862203823843 4.224269462336815
2.0483704602040786 4.637233626754556
2.32603607535621 5.101149034172541
2.0883303114413785 4.538801871701791
3.3523537426342553 4.534452990230166
2.51989315393077 4.248065817556961
2.8380375497168853 5.180442028725732
2.91469781156148 5.167419511633722
3.0196079827239686 5.139156025589655
3.1890809059022773 5.057850123231686
2.580805043942348 5.17520906045135
2.570541125241102 5.173505111042278
3.3093372790143945 4.947953843113378
2.0477466866195666 4.7013246262225294
2.1637463621841713 4.444290353701154
2.5098023413948023 5.159095994771858
3.1110269734252247 5.094106552108833
2.57179332795257 5.167998552882742
3.390238880020018 4.736858164667048
2.7125408027851017 5.17827805150549
3.1750833231483973 5.056265448774929
2.7723659956917786 5.175986065459614
2.085410167235974 4.851481029796898
3.209704600399577 5.029278648596414
2.1509324548739164 4.46891743002825
2.083294042661956 4.8446287905243945
2.960960519905323 4.267396978638137
2.221653014357869 5.017804716347093
3.274100810416565 4.9694754549313425
2.398124623701077 5.115145288475769
3.012636722974456 5.126791462055296
2.757742327335688 4.2377386286911936
3.278493396318811 4.959154610911863
3.1489270276501706 4.352488244480822
2.2081315732835733 4.417273413428467
3.355570989692604 4.585346370348664
3.228932290567002 5.005234350327756
3.342839504532411 4.557456821684815
2.5092268528679056 5.143658110358704
2.2187397668987137 5.00577618293084
2.2051283807511157 4.992574462395545
2.3047595399423377 5.0623684191783545
2.13792165949587 4.916308463061848
2.459805222903783 5.127350991155084
2.076264000860915 4.776080180531961
2.8645883801864294 4.253961130636634
3.064239059640659 5.096174304335388
3.36497184405445 4.774636534232078
2.5876526755761486 5.1527748099623585
3.2658311720181654 4.958474329052801
2.0947482785860725 4.826621426528924
2.9250431740199465 5.139455941606405
2.9764122567077385 5.12611099101484
3.034456585847063 4.30327752883854
3.0355312843072872 5.104893677458807
2.508925920762503 5.135689104205776
2.873194033783441 4.258540781584542
2.2927989433443026 5.0477489061758885
2.123322451539256 4.880095078152149
3.3365523141443916 4.573924509326203
2.6495985797282846 4.249827359068369
2.9291903270603994 5.134320936547573
3.2767069998297895 4.937720900397313
2.8056476230521494 5.153447644955395
2.762562410559167 4.248451597748717
2.287348504765892 5.040018587158192
3.3425463412221585 4.823647800502075
2.096380011154198 4.806619543807708
3.1840785263006404 5.01894423541089
2.956728524564312 5.123218240601901
2.8116098919606154 4.254787268892325
2.53794424440703 5.134462720964712
2.570534877598361 4.263826685158968
2.5500442479667695 5.136668081484133
2.646547889967678 5.148250380572779
3.3119604076602913 4.543139161707849
2.594819331779653 5.141339001366746
3.3521644930586687 4.7528651301888285
2.77809533850373 5.147113939463379
2.533073687148896 5.128392719935695
2.603189031242043 5.140372221975138
3.183947661182583 5.007927920287811
2.9580111906135924 5.114613287961248
2.1139768021457623 4.59404146118359
2.4976182124862856 4.286530037381758
2.8284369842817085 5.138606565839087
2.169003791174119 4.496137758930965
3.0261732945051296 5.090376926690661
2.23365281977804 4.426191762400267
2.177560681649248 4.924466783659732
3.295222043095925 4.882399925737011
2.4633186442504593 4.298767874434789
3.268782013791994 4.916719626433178
3.1742971360145367 5.006857364520775
2.110080175791978 4.6256551035065
2.5378446493184397 4.280982860610987
2.8086151892831817 5.1326319499918345
2.3235484459154727 5.036409969811517
2.301965390290121 4.383183442412884
2.357217544110389 4.350061719174789
2.2620518285141307 4.991882216902352
2.1332965009540974 4.827628456400458
2.456802814703957 5.091039191577728
2.4286363853056776 5.080504925835615
2.403916005572688 5.070494718875924
3.1798848345425323 4.4160346864141
3.3323879731992485 4.703760430795914
3.3322498325305894 4.714453832623373
2.6644405475462065 4.268983183059371
2.4606855869592428 4.310014682812009
2.808849108735168 5.125446776979946
3.0952448354228332 5.041339906052375
2.486589600661255 5.096584509864438
2.2620561095535123 4.42062236367467
2.780111561802407 5.126913894492594
3.2131681198049917 4.956049087722439
2.8159637227670387 5.123735022166347
2.4715824284449353 5.0913869763065245
3.2958163892383237 4.5640553870579605
2.506411138576021 5.100759698950503
3.193215003742494 4.432082422293213
3.2131760931024727 4.954100223761901
2.741172776984111 4.269630516845256
2.13506465870754 4.8108580345723215
3.13893928365363 5.01186933834386
2.7693928110982706 5.1252706381907265
3.106686032972827 5.031272246289732
2.824827953505913 4.27705750616801
3.279946657926625 4.86148824172738
3.305501515398113 4.603383369102509
2.714400559989624 4.2730231618735575
2.4190324915768304 5.06557260438319
2.1765258697250975 4.527058874258775
2.885806896202028 4.290409017547753
2.387434115857418 5.048160144055098
2.290060523729684 4.410079247217631
2.603000219766937 5.110212286142229
3.3008405403932213 4.607569911021112
2.132256808992699 4.749057931741944
2.1599777045833237 4.571446297530156
3.08054375659909 5.029381204571628
2.133149912338032 4.712085449413846
3.296290761358196 4.793237873318226
2.134854851685356 4.672188861264025
2.477195054365187 4.319159066979523
3.1001550225132575 5.016757049528979
2.744659261327943 5.109763068821246
2.6012102308509055 5.100673952694729
2.7119236491340515 4.283089387061354
2.9027172402128576 4.30466933077976
3.1486822294416763 4.41921843877776
3.286202825768174 4.60644690167176
3.2927102099939654 4.767617192930612
2.269120451790673 4.952690217451272
2.2333293269950754 4.916331620438397
2.383717146644559 5.027613860932645
3.0532391454368546 4.363984232967089
2.2521996340074892 4.464123908787238
2.1522277658495645 4.755577771277579
2.3036895958686405 4.420850182819402
2.2584399202744376 4.936939206581593
2.8490439907742227 5.090183287775316
2.1540182803577372 4.747705605772686
2.1767421403759855 4.578485441796238
2.209992050761012 4.520396389599186
3.195808250653687 4.922879255145011
2.2692298159762947 4.452899831436295
3.1324234349545184 4.977136339930576
2.759782950860506 5.095700592543302
3.23327243325747 4.523766953253763
2.6938250878664087 4.29268843612093
3.163822235762075 4.949512711820977
2.1713803834681555 4.79422110589753
2.4653272309404515 4.338000942838142
3.273575367662336 4.61012767062345
2.1594596130647714 4.659484636845182
2.8179500619658224 4.3006310455835095
3.283288597605128 4.737827535007286
2.186254063748225 4.574711251914377
2.1642593054439803 4.7534337143249346
3.2826103678283776 4.670883327257812
2.558251293457573 5.074827788073609
2.1759573960427456 4.604342554504061
2.426497116525428 4.357137567957325
2.1837697951188457 4.586832199673992
3.054411007959103 4.376709962881156
2.182592631366991 4.805169273275659
2.164921679826506 4.7291424709480605
3.063519557909471 4.382918767235282
2.895536065898279 5.069248517154417
2.8132447940800525 4.303788700054335
2.666666624201591 5.086138042539893
2.929356769904825 4.328347402005015
2.168873901487606 4.653232831110895
3.2593726411895503 4.8000412596329545
2.196128841875747 4.826790086608529
2.228634857140713 4.877848177660426
3.109775348025896 4.976441087164374
2.7197055265116923 5.085310390874207
2.6364199415069884 4.305590132014138
2.7656000446144366 5.083433353496401
2.5890917946912233 4.313408815563178
2.7648132584366376 5.082574072516005
3.2123921722608224 4.87421373179843
2.927172441796437 5.053969902197495
3.031159687823361 4.3728398657612475
2.4526021762926984 5.032718405723834
2.5570903352144034 5.063909268932582
2.1994160865879064 4.578626801125399
3.2502966489762914 4.800202017537223
2.6203698229970773 5.073161386472238
3.039719159848776 5.007996220115749
3.267514095692745 4.710170617568682
3.0461990746690395 5.0046626233707014
2.424451712887809 5.016613396144411
2.826627438752011 4.313892836220493
2.3742538328589995 4.990926773926585
3.245668346039321 4.801463527060081
3.212988737679137 4.533038206082448
3.252132098496089 4.7766998909804235
2.191187333135707 4.77564940278909
3.002790898897278 4.365523298609046
2.2034595299596984 4.804536372107092
3.098402700800694 4.967646885135634
3.2265180090888728 4.560782904888513
2.1877339155252478 4.75135126907487
2.969778790384254 5.03109608664802
3.260230058869307 4.699212500793368
2.72958749755803 5.0723220601714445
2.899318321949696 4.333076053917387
3.2169144129242735 4.841450108345827
2.199250198425961 4.6107434577279784
2.199746943937778 4.78188376849491
2.3325170744841524 4.433527742309852
2.586980780286623 5.05774211603031
2.222467601812144 4.830947121248532
3.1982186022847037 4.523927349309228
2.237317135146557 4.853078321229097
2.2045148134571875 4.787833235880265
2.4383757707977645 4.3726751342755605
2.5246482352378448 4.34225357097668
3.155424040422907 4.911086641136199
2.238164161505502 4.847509907353017
2.1988806855862473 4.642332107539491
2.2978597718872256 4.915199311332287
3.056981953665181 4.97985726010138
2.790277961839183 4.3210350405633875
2.229427582566639 4.563274064576071
2.301415073164899 4.916963978871153
2.2028427052476096 4.752434372740058
3.1062891107143624 4.441366003683086
3.136322370155484 4.468232438869633
2.330495068193021 4.448532970444183
2.997404737805029 4.378931455236956
2.2019931292816053 4.688611449444129
2.707413760251982 5.055445823040482
2.3341492284480396 4.449731846172591
2.5278893232257165 5.029238853366954
2.6843961159170804 4.324568052180325
3.007789566935975 4.386344553569378
2.895382530849717 4.347234148300332
2.3987840463066537 4.408226808437422
3.2354660234325703 4.7016213629729195
2.456738810394243 5.000391736510057
2.5899955512644297 5.039425931292996
3.1198290421961365 4.463881968613723
3.0187458139351286 4.395453355047695
3.101186068427415 4.9346123153844665
2.772915653782152 4.3286796406687875
2.215284960871504 4.643172940472278
2.6449918041840896 5.046712480486846
2.61364323576176 4.335678633728687
2.8604866871594083 4.341312725077525
3.1913952072630747 4.55150036087268
3.2058071561878143 4.579974728392831
3.226941310861713 4.652574506502155
3.161449215905578 4.871688129606365
3.229344276085078 4.691052969688018
2.4268631333911967 4.398133908832684
2.722243763846409 4.329645478800463
2.322314981720539 4.910341734446949
2.689254556034928 5.04438222822874
3.192056187741858 4.565195789320292
2.917486413170623 4.361097529664528
2.542949147266387 5.021003070333036
2.2987297131713893 4.882387626503725
2.3705877392856505 4.9422402330808985
2.2499451243940927 4.80498508206928
2.8758482965110748 4.35366060594425
3.1483098239877894 4.8709473319376215
2.615556637429922 4.3445218492301665
2.400113806569117 4.956727976466634
2.626071612617413 5.030612717928674
2.3298649338677313 4.4780512096650575
2.5321572614474084 5.010142038038289
3.008127839825816 4.972620722467764
2.2451887605551137 4.606252872487684
2.6040175268420085 5.0249204247493795
2.9451550917077656 4.997577380985607
2.8744827633073955 4.357568452231099
2.6868327027665013 4.3416330529276514
2.7607011980601515 4.342328012672063
2.2530069875255734 4.786569207793535
2.28658615572043 4.534242674822107
2.566516973610216 5.01399465161853
3.112003663947151 4.894768852265294
2.457416242461958 4.976246113373396
2.7259468303623526 4.343104858454554
3.0339747534992743 4.95048834421807
3.203327158110408 4.652508250630112
2.556132236626593 5.00733644433513
2.2773049502595777 4.82231701682355
2.2480207718237226 4.753777766582826
2.832986719639447 4.354814255327245
2.8810624893407444 4.365616175044064
2.740031617704361 5.025960753979803
2.4235181231383547 4.954198575553949
2.256475063995656 4.77440475098108
3.2014269621960496 4.685541729712591
3.0235679746012134 4.424263803722972
2.2635054772335454 4.789124264754631
3.167709834778506 4.5685391792800285
2.249314953940853 4.732020159080717
2.2487221197780354 4.727606545577123
3.1365241930975953 4.854072654907635
2.8098815227106018 4.355503752076315
2.8593498631055505 4.364719765514938
3.0411092940879363 4.934683587258327
3.1329352894145246 4.854309133691952
2.5525018518692812 4.998294226061957
3.174416648907714 4.59497657140223
2.4692759067566765 4.4049540902805315
2.2947547225375247 4.828643445986192
2.9011346383166927 4.378134995662954
2.5909522987639018 4.365968372971589
2.257888026730101 4.7435607300870934
2.560290266722988 4.3735648427664096
3.079321456756172 4.9028801443641505
3.0824427510568118 4.47515346669946
3.0136223462037384 4.946526241715441
2.396371570199327 4.449300832095756
2.588040276763994 5.002149291205727
2.7954704676684115 5.0115943312579425
2.2561051977742776 4.712995442231424
2.3049175328899145 4.835657652286739
2.256571374520508 4.709591618068986
2.712424631155725 4.35613963466286
3.1682534972961234 4.600604721115784
2.7967575667144287 5.008051958058402
3.0934160899218073 4.4920013089535535
3.027807200384766 4.93153366914179
2.282289204704911 4.788852529133774
3.170671858830896 4.763765914290417
2.260501139382119 4.695010820362425
2.419449747740133 4.932548785086558
2.2857594884208887 4.581752875276516
3.1720963347293396 4.755646054535862
3.127944162830354 4.534473443469203
3.1818684602221263 4.685683056094663
3.1713461978563053 4.753017826818129
2.8417004511772985 4.99764990913217
2.281909589915249 4.7772579756828435
2.909852720807934 4.979739682536751
3.1296512297867807 4.83336046554893
2.3849350229154824 4.904756603573732
3.0699296115602244 4.8953169070423534
2.379576230066596 4.899623996085256
2.310781622288681 4.547144918355469
3.1461090642118172 4.805419995706732
3.176047640883946 4.713364128939732
3.0819266477858243 4.8837995911672
2.7401152511873414 5.0058365724491
2.872821066197098 4.380905715489742
2.8786081980214124 4.38272934777776
2.3510779408004607 4.500708436198809
3.1755785437685735 4.676729236627097
3.0878251911375427 4.875387995716745
3.141528445797247 4.56743441288617
2.3720971725506166 4.888216402424984
2.668286076851494 5.0004534788268025
2.9234984768820955 4.399469807651494
2.4093424198047138 4.456049326472699
2.2852286235367587 4.609239039875951
2.716729558695303 4.365619491003835
2.382071370586435 4.477567028222642
2.3939026602612246 4.468397735363
2.619560849560531 4.374936960842685
3.136630995473771 4.566637327868917
2.308385099030852 4.806475173890826
2.2771281023218855 4.71561854799773
2.435553891011238 4.927128372081738
3.0660316560606438 4.485392779420017
3.1028498774738216 4.848908064759037
2.34307920026561 4.850847334788314
2.2816752178358968 4.726473068416928
2.278775926383881 4.692142365429865
3.1304246256696677 4.5663685829506155
3.007654637602121 4.922078699230748
2.323486051852099 4.818355958712358
2.6462323030014314 4.989255817520722
2.6210353972236815 4.380897032644969
2.4748066481673585 4.427496016812064
2.665389246907633 4.990192420567208
2.9585922316471702 4.423695733148328
3.121882536133798 4.8089991737369955
3.0498539203549253 4.8881633961993405
2.292881801277707 4.739633887341329
2.8498605896231046 4.976607389702226
2.9194507902209526 4.956650769934438
2.631040559153586 4.382945064146257
2.392887574978401 4.486356598820861
2.6802908029279884 4.986100788613171
3.115747598010863 4.561511658271304
2.4527359056475313 4.44568925716297
3.052860257034764 4.878437474073896
2.2946763200197755 4.657228708259268
2.910532879092936 4.95471328009879
2.975836153675997 4.439657109001088
2.7742518427922684 4.381657918936002
2.3330459434191173 4.809595545084797
2.5073341480404903 4.4214418156505975
2.3428048592719737 4.545227545398788
2.539247116502895 4.4099033540960395
2.4010773652902286 4.48556296835733
2.4179659146891574 4.472792267634286
2.8726488667829098 4.4007897981855235
2.7072292850463926 4.9816753494948
2.66132419953938 4.384857334918758
3.0848654618151805 4.530874350803149
2.8684362526673377 4.961402425420939
2.5949562816309757 4.966106269931249
3.0822471407101015 4.837235903370039
2.8335001122952432 4.967646463216254
2.30373749419449 4.706133130833118
2.342124945973338 4.5594771710655575
2.792503860422463 4.972982625702851
2.6368939513694976 4.391554140426285
2.5507996965980864 4.411667964440737
2.3297707456217625 4.786776686960269
2.8488142389387234 4.962953659118723
2.7582405706627524 4.38681769940551
3.138270617169399 4.663804581740212
2.8847620552801074 4.41032498962497
2.783653017545911 4.971311615495462
2.3759753967625885 4.842302529853807
2.9612174413010752 4.919387068754798
2.6837935687005654 4.971306368787412
3.107760290264861 4.581291867709847
2.4625745067765026 4.455951997593372
2.4082027157890846 4.870462118620361
2.3142512150123418 4.650932027580085
3.051970409015766 4.511590341605515
2.4399029334859113 4.891421755750998
2.344316124139139 4.7930291657910455
2.35845375761609 4.552216892706101
2.576616025705891 4.9499703598766045
3.0380284961903796 4.500780256794877
3.1282344125679264 4.699446431962992
2.481038639907612 4.913495711145206
3.090537801826505 4.56151796076339
2.6646642435820915 4.396385060987281
3.0569802140177265 4.843207401474534
2.3178357679330217 4.694993782992237
2.4583469565028375 4.897058417001628
3.1203924635501616 4.64298819084742
3.1056040534308686 4.767384995945911
3.063505656033589 4.830963037244441
3.0756066799564916 4.549337922880995
2.557466558783339 4.938594649250442
2.8573754309371595 4.414533728367224
2.3285213388470543 4.730936725683491
2.8440549425192745 4.947599466063669
2.6302711416026803 4.95335127589526
3.034572974052006 4.508291862491755
3.1021638471818926 4.762882257925442
2.4367751640000512 4.8758226688166895
2.829924145437827 4.410706058530801
2.332833244270044 4.729575247807122
2.348084621369922 4.595693601742301
2.646324918266874 4.951809315731273
3.0227611703561683 4.857460954019987
3.0992399654137293 4.751216637410172
2.346390800876036 4.756367559572283
3.0794373138162263 4.789390882892362
2.340861208475268 4.629396238632371
2.9068850998771145 4.439256204696932
2.4058720499776514 4.837868705885865
2.530687874193252 4.44238610893508
2.9422588209474383 4.902950511311545
2.6591117662138175 4.410229070497744
2.913701842575361 4.4436617314099625
3.1056679606309503 4.681316941883394
2.979005972529654 4.8811838287063605
3.10383855718553 4.703674033409392
2.338520100479681 4.678219001672498
2.7658127900440017 4.410013276486245
3.0849260930790083 4.603559689160117
2.345579708825689 4.707572278614394
2.843992108881432 4.425786108045335
3.080004994710743 4.596064432457158
2.3485143382601956 4.6408315215573515
2.4147913046306475 4.835142772185675
2.6944000144520537 4.944458580567294
3.0137899377575748 4.5110305320229935
2.4698377361735946 4.877839046754216
2.47588391613913 4.477873190572213
2.9340520534483767 4.8979976997659955
2.4855555071977253 4.885537425679139
2.4473139022610093 4.4988710822839035
2.9053365775898277 4.447703364121147
2.578977738316385 4.433823960008963
3.0755616654291362 4.59494802491506
2.7844728079500487 4.937766763363575
2.8841166723486955 4.441510572539938
2.5805645467972305 4.919961568240407
2.911849318428792 4.902382923152216
3.005206476669315 4.512383102188076
2.6935237175507316 4.937160945207523
2.4176567256209087 4.533542843949257
2.7124926257225686 4.936348664815037
2.3935545893154657 4.565222508753487
3.0331649234768965 4.544019931506219
2.4834211529070624 4.8738218088103835
3.074892246445554 4.616202450668378
2.3989906496240105 4.797920172297167
2.5574358050813633 4.448457020759422
2.3600087231705364 4.65693912959289
2.935273065710833 4.885556954720558
2.5388233764381956 4.899393350832262
3.034059773175379 4.809289212303661
2.43780679354992 4.520148079474877
2.7473169658574426 4.42226879419766
2.4768194552492435 4.49117656180027
2.956726348542657 4.871121384962718
3.013620171470888 4.53065110387417
2.4894779319338 4.484791835389216
2.4076260309644617 4.55673784842598
2.6372306854514713 4.4313273969871485
2.6275046705556218 4.433397803487235
3.05136824972098 4.582349889313091
2.401179692403262 4.789111840331051
2.620897329721146 4.917660739403252
2.6566763575489087 4.923616076816668
3.0139670845872812 4.53625207442268
2.677155883443598 4.925592449000369
2.3714342683416447 4.716114254513416
2.758748450743819 4.428450731401516
2.369229729730453 4.683083415948276
2.374541174369363 4.719875275103529
2.6973745017571944 4.925023645338348
2.4005171529430918 4.577514206577633
3.0682353194716354 4.720052453342888
2.5302579798089946 4.884895358081579
2.8098684382540036 4.436740574497043
3.0157520014991652 4.812714800712133
2.646921576462961 4.4348057443758435
2.7628050790296226 4.922274199629482
2.8429399360069714 4.908444614171891
3.0372319210975514 4.572967057980865
2.955108623082886 4.494136412191964
2.6397051034429446 4.916107881135584
2.6597282890998257 4.918898313892682
2.646764235224553 4.436118020570895
2.5087171905612853 4.482631282244938
3.062447705536495 4.727066612348928
2.4700859101539567 4.846633198443184
2.86036086972236 4.899380621606637
3.0469235727348574 4.755200756865189
2.9536204237820503 4.854612749089537
2.542254655098403 4.470987919044038
2.7172748088501137 4.91745523452623
3.0138905203377853 4.554196824195899
3.0214582493477105 4.79067277927249
3.042863499100537 4.7552758927217536
2.3835220312929333 4.6619428389590825
2.9520353315261447 4.852703066899578
2.3859550817558697 4.708789446996254
3.007366294274656 4.548743891281613
2.9216579056971224 4.483499537088543
2.4576478760617735 4.528660018267238
2.883221520682521 4.467001479574588
2.3863940184195016 4.700261262448989
2.409182919197008 4.7656620868166675
2.921476911908871 4.867936675193276
3.0571792092358967 4.663131815290738
2.780708230172211 4.909566958548601
2.966774149681863 4.514342621300349
2.4318733485549044 4.795947530700049
2.7028182375972594 4.439909508980628
3.0474872771576984 4.628915214985155
2.795659641002537 4.4464849483118645
2.699720458000142 4.4414636693822445
3.0456846874669323 4.627405389172267
3.0003023153891557 4.550355405001236
2.9267219429259135 4.492515752311677
2.8892290559840266 4.474981927521189
2.4421815994730722 4.800089002511488
2.995079687299494 4.546530681699101
2.420988927737992 4.7692306079869
2.534109441925877 4.485820778627533
2.607031475290615 4.4583458573391574
3.0013530257179735 4.797371298572347
3.01389403802017 4.780993037229249
2.462554484161508 4.8171611260959555
3.0414861722645763 4.630636461897545
2.950374590523192 4.512452012584883
2.63490898089505 4.453779701189411
3.0422133140456253 4.640136813932708
2.441534676639486 4.790156514461387
3.0336441154656684 4.617050570743884
2.431686618134003 4.775763847136629
2.8717094401414363 4.47420423031308
2.934099759824261 4.50551308867299
2.592234183401771 4.468214803777352
2.9583925267588933 4.827377846378471
2.5219598549947477 4.850067119071407
2.6949033834048604 4.898177469443798
2.4497852966087557 4.560578911169895
2.4069536202803277 4.703193267806633
2.9509434427303374 4.8304241162022645
2.4107458065474603 4.638452990468074
3.008852533387258 4.767842611658731
2.409166709230438 4.650348747691304
2.8535807800270523 4.472713281786866
2.4198681223470686 4.7378556686544995
2.6643835104431512 4.892958013446141
2.614799346411765 4.467642799280986
2.6198275315125152 4.881666013510411
2.867277564074082 4.868296577726682
2.4543652075223097 4.56505978595095
2.4243389760708838 4.617351973871853
2.9640159212955295 4.540326215873247
2.890305893180991 4.493515274356855
2.8308478061228266 4.875683716811908
2.749315622585314 4.888170699590585
2.9740234029408468 4.791584013190879
2.4247726084207466 4.706907911757657
2.9952863922660256 4.762798605703286
2.841475751151113 4.480031164536282
2.8107796363829474 4.472952659457191
2.9945237121795665 4.59254224782824
2.4333677291236837 4.723339807943315
3.0168203755971854 4.69373812498832
2.7229529077133674 4.882515359320857
2.871470700669092 4.493966590170212
2.6937588403544095 4.880466537731973
2.428993822028185 4.667232522103686
2.983698039933667 4.765637913935149
2.4725031443100374 4.567303855924767
2.4377729696229595 4.6280425227350195
2.6608847078244184 4.874789076309103
2.720557792485747 4.879023969281306
3.005550169273261 4.720272755100619
2.9506559849577405 4.800984805577226
2.7362164936944344 4.878281315109014
2.8810223206294285 4.844935913796221
3.008077049602915 4.645344517443067
2.983171398347404 4.5875643027868005
2.6622400982975467 4.872560215367708
2.702658788238052 4.876329342647146
2.9529326742083812 4.795286734406003
3.0095487736221815 4.669379274851372
2.584884900189752 4.85146641639775
2.8918887620489233 4.8365886877087405
2.493628508499679 4.552521679416154
2.9992765391875214 4.628512890152605
2.662354034571173 4.869973460800185
2.8371967377177025 4.4894460598766885
2.456344633188117 4.742541593899928
2.4936787289224585 4.7910658950393605
2.570736578773035 4.841393869067244
2.99379588686655 4.72308237154845
2.5246846950647956 4.531965632653663
2.8066118821860475 4.48353882250326
2.454186481274637 4.614659752499019
2.9947369461507694 4.718835611344423
2.9231524277687937 4.5365377253935275
2.8934248085161474 4.519773629025411
2.705760163009346 4.867388996972974
2.45110315548473 4.711116325978138
2.68462357851782 4.479175384825812
2.9524693803331656 4.56696429304817
2.4710277508000837 4.753170948941039
2.526601386856722 4.809198483861196
2.942237363961762 4.788091887127929
2.8950500264136982 4.522857946768657
2.610102219498356 4.495748003887808
2.7622318234787153 4.863021933110207
2.5212857370659365 4.80351597318572
2.8441496140969758 4.50062478392478
2.9560874122361733 4.769882287951772
2.9719533894216212 4.599597562386099
2.452331404309655 4.656959462222732
2.916945540778471 4.540765218538359
2.7435016546861464 4.86157383706267
2.6524660099853388 4.488584425814803
2.812205105005905 4.493341533766471
2.6574868509661935 4.856497864068336
2.9711261160246147 4.604379036401326
2.6508143846994385 4.4897453172667685
2.587137359234478 4.835644282175682
2.9341456205399927 4.787193579736022
2.8181157007991646 4.847383990398001
2.782367274104178 4.488948150150574
2.458084847269529 4.696057094302828
2.9871098112092245 4.674777116988778
2.826685439639363 4.499813068758684
2.679427015221325 4.856400249781211
2.6031657057750444 4.505123006504301
2.4924139384581365 4.581352188979057
2.9386398542865826 4.567125803390043
2.5018295410756926 4.571691478256569
2.781413157188173 4.491834129925354
2.724054097100775 4.856300095391699
2.484550245860389 4.596235982502883
2.5415287539889917 4.803682999411718
2.476336686095548 4.73096368181521
2.514321782533303 4.7818728552017635
2.8944437090578816 4.807911600047152
2.611814112739028 4.8362417054208
2.977258829033105 4.654060584394847
2.487018691081398 4.744500845534362
2.7262791360939524 4.491336081230209
2.961789412878394 4.732079114313758
2.9735088537743466 4.648011373731305
2.942266777872882 4.5837030127263585
2.8178287908994113 4.505707135767857
2.9157977813235245 4.786123903724012
2.47889704991119 4.626118726685559
2.964078370595068 4.624733148289149
2.964789915111346 4.717627946044685
2.4742063497439264 4.698880226994558
2.853870686090885 4.522693569721436
2.473489216735611 4.671305159053329
2.8706279071024183 4.809132868146791
2.671560576067991 4.840481711499326
2.6925864099099366 4.842665685181212
2.7291315601239905 4.4981271589706395
2.4832724717771946 4.708572022623468
2.659327619774478 4.837746676144435
2.538124508135616 4.558635690761147
2.787204287501666 4.836606554224538
2.9176781183233707 4.773464302459626
2.5322934125106706 4.778593966011982
2.6542024380325744 4.506642594027214
2.4814540297818386 4.689017080830028
2.9485602868132914 4.728639059385873
2.9525420532353435 4.719294181385859
2.9495126675636634 4.620695840503925
2.4960944767507596 4.6181703732147295
2.484823516891221 4.662027177754917
2.712900466480066 4.837232006618663
2.879695742163971 4.547291632350808
2.773062164750248 4.508076429589222
2.580736955577834 4.8023893485674165
2.816152435123361 4.821047807103708
2.5619108371082815 4.551360172221317
2.671520190439672 4.831116511703867
2.4954541443559126 4.689154047731537
2.912706658132855 4.7577963460849935
2.538440886070459 4.764049894125187
2.5529600391769947 4.776694559703118
2.6069485284034104 4.533087234538526
2.5158333009257117 4.73550104959786
2.8791865847548452 4.556583509060325
2.5157770635140198 4.608162160098573
2.7081932026770366 4.828138020901994
2.72676885949239 4.511907125088099
2.6225333613401673 4.811695900999426
2.912681663748238 4.588994558209728
2.499724717948433 4.675964943511554
2.9226803968865522 4.604620645411428
2.58541893416691 4.547836079069516
2.8882667201318437 4.568425990691043
2.775628790440507 4.519091186543191
2.845947849700508 4.798406549391073
2.5359076518292376 4.75248520715583
2.9402424827676916 4.672824860041117
2.903198072934759 4.756031103791305
2.9247714084749408 4.615799258599632
2.5244092064643686 4.612754817484362
2.758085206334448 4.520939218116238
2.9154070541407773 4.607771675577783
2.9319670110774587 4.650928386816814
2.5508681217841023 4.581775710609349
2.5260986731231094 4.724069713819061
2.524708880105565 4.7207989305309574
2.905076689423394 4.598610270240409
2.83642666161923 4.546125468598655
2.6606711226585196 4.528439330022079
2.5174344840020453 4.642379661304025
2.822114556678892 4.544098008186681
2.8291591457644056 4.7913153330916565
2.5354645285128 4.726575241685616
2.9019102438416833 4.735174055569805
2.8950484165159014 4.595779735331774
2.810016523796723 4.541125172631873
2.8570456010749226 4.773848520935767
2.811760174658497 4.795746803401383
2.5440752750705524 4.732423831580453
2.5436576112947673 4.727855429879366
2.5475262809072112 4.6083544351689145
2.675316583072274 4.802110749229124
2.541431944461066 4.719351857962603
2.9127543185237217 4.690055045399493
2.9079498457934125 4.6336641929112385
2.5623409853226797 4.594985152067745
2.530954519305178 4.672501769618823
2.5759511524778067 4.582636747199776
2.539954651161045 4.631157653584062
2.808078219853163 4.786559551086583
2.822532946454641 4.560453947068891
2.6389768226865167 4.553633161819312
2.647954256742068 4.550733731835191
2.7038021374048 4.796636896700856
2.6716990758146486 4.545285399988522
2.6159245455745816 4.566689253018148
2.847969149400483 4.758037655215447
2.888310876646292 4.623826566155978
2.5588167062981997 4.716364165583354
2.5486176921634494 4.65411911305443
2.7874113899130255 4.554736970078891
2.553784193460017 4.6417143120048365
2.8440408555089656 4.75403480555849
2.623751015371561 4.569174475053089
2.7735685288077354 4.783033252977164
2.8806553979380816 4.7093578272814
2.889059124136555 4.680769728419799
2.6034865101842386 4.752675749215374
2.6136023219882443 4.578107590853063
2.60911976406566 4.754376060480018
2.5991774187880567 4.746427218654328
2.782303196245625 4.77575706622906
2.8139940900517697 4.761882365466737
2.8693719353205536 4.625780915701703
2.591573823344797 4.733099594079679
2.8802518368056047 4.677837244369084
2.839700555676679 4.743546892928475
2.8638067314170357 4.71795009639826
2.87353086712717 4.637226625896203
2.731200317636135 4.778916797457823
2.8122282208505336 4.5793907861418495
2.590566681853492 4.610888822341643
2.6422701915374116 4.5750154648055945
2.606428617072485 4.597966168330321
2.770006582643347 4.765234453262056
2.7743712199273567 4.573236151576866
2.7308847967120005 4.767091175346495
2.716350273045869 4.766046642384876
2.833764464346864 4.609639694090897
2.676765187691132 4.757290826470619
2.6593113739815304 4.58291649804318
2.59817424442341 4.6310631791024734
2.7212010420325856 4.572957534254211
2.736365275161825 4.759469767513415
2.841219055467813 4.699629080599596
2.615346641544055 4.71573012829193
2.8125824200099707 4.6070904271110225
2.798466986895213 4.598624789945645
2.7021111213946476 4.581303362769497
2.6843404811783116 4.748991319283301
2.814580854895695 4.612597188987146
2.79608912211964 4.733890459257287
2.7252823017317445 4.58224266876923
2.6910161443578176 4.7483549841121935
2.837440986737037 4.64897790616261
2.8317446737149945 4.636268968103736
2.6659292624923907 4.7386281972438935
2.7323506493318765 4.747179909886806
2.64207091678925 4.609297990076259
2.6922926217192233 4.742531292866646
2.810787437970032 4.624057480173173
2.814760462849571 4.6299826482691975
2.6271157676609196 4.63611996784571
2.8172904137090455 4.646993402523493
2.7404932647376508 4.598745304705798
2.8137388843093585 4.6436027366891475
2.6864627180649943 4.604632459252925
2.7265394106313456 4.73208455912895
2.6307663388970237 4.657471340569851
2.7896837186528156 4.625384138285156
2.8077926567537004 4.682271730916254
2.8034309266611213 4.642489756655289
2.6456365360334724 4.636312498885539
2.638873488738247 4.682714736195079
2.779193325508133 4.62308885487277
2.7593510602014297 4.615722830347022
2.6449974919626262 4.682532881006104
2.7971128647771164 4.646941887497683
2.7205648088433287 4.616291929273984
2.741758562681011 4.620878979892689
2.666932715418027 4.645106660741495
2.7008433431257717 4.701727143799797
2.719367010537299 4.700992175351367
2.735533156005526 4.632941369372081
2.6907699078557847 4.650998627980459
2.696848778517423 4.651990624748877
2.6970455525500476 4.676324169724996
2.748000807271726 4.673316207685602
2.7350333291698785 4.654114633786982
2.7414347447073317 4.666064102686932
2.72445711553037 4.677615599377198
2.7086990807999096 4.668594617730853
