53994.967500 38.191893 0.379809 164.391803 1.150000 37.831336 161.311604
58672.267000 -10.010012 0.033886 -41.642697 0.109000 -10.082112 -42.313404
58544.590000 -8.228156 0.040946 -36.778697 0.098000 -8.401852 -36.774796
53888.278000 40.088116 0.371338 167.906803 1.134000 39.349001 165.979828
58516.667500 -8.373585 0.036710 -35.796697 0.076000 -8.200941 -35.568598
58607.443000 -9.049899 0.048006 -39.386697 0.125000 -9.107178 -39.492008
58702.160500 -10.912236 0.197670 -43.530697 0.568000 -10.526088 -43.621894
58936.547200 -12.427238 0.038122 -53.937697 0.102000 -12.418601 -53.830795
58672.267000 -10.010012 0.033886 -41.642697 0.109000 -10.082112 -42.313404
58516.667500 -8.373585 0.036710 -35.796697 0.076000 -8.200941 -35.568598
58607.443000 -9.049899 0.048006 -39.386697 0.125000 -9.107178 -39.492008
58544.590000 -8.228156 0.040946 -36.778697 0.098000 -8.401852 -36.774796
58590.470500 -8.447005 0.062125 -37.911697 0.163000 -8.883320 -38.757035
58607.443000 -9.049899 0.048006 -39.386697 0.125000 -9.107178 -39.492008
58516.667500 -8.373585 0.036710 -35.796697 0.076000 -8.200941 -35.568598
58516.667500 -8.373585 0.036710 -35.796697 0.076000 -8.200941 -35.568598
